0	 156.374
1	 170.077
2	 157.256
3	 157.792
4	 153.307
5	 174.123
6	 123.708
7	 160.234
8	 148.876
9	 220.177
10	 135.538
11	 135.709
12	 209.635
13	 153.81
14	 152.539
15	 149.823
16	 130.148
17	 149.009
18	 153.087
19	 123.27
20	 123.996
21	 114.86
22	 158.679
23	 132.507
24	 67.5651
25	 112.915
26	 146.247
27	 147.072
28	 107.856
29	 161.779
30	 93.3971
31	 113.39
32	 133.657
33	 187.334
34	 198.237
35	 128.448
36	 87.0076
37	 151.93
38	 191.254
39	 137.036
40	 158.426
41	 161.976
42	 174.859
43	 131.062
44	 48.8981
45	 129.482
46	 119.034
47	 188.516
48	 165.098
49	 110.081
50	 137.031
51	 136.368
52	 141.503
53	 138.854
54	 116.152
55	 163.044
56	 130.303
57	 127.314
58	 116.711
59	 188.45
60	 133.747
61	 145.715
62	 146.006
63	 154.764
64	 146.442
65	 152.241
66	 151.313
67	 128.608
68	 133.485
69	 155.063
70	 104.536
71	 142.61
72	 147.83
73	 137.53
74	 122.855
75	 101.842
76	 104.69
77	 146.104
78	 148.822
79	 214.17
80	 136.76
81	 127.62
82	 146.676
83	 222.16
84	 135.132
85	 110.813
86	 165.908
87	 202.586
88	 156.174
89	 161.81
90	 193.259
91	 126.838
92	 150.495
93	 47.8782
94	 140.398
95	 154.611
96	 205.647
97	 125.478
98	 153.716
99	 175.548
100	 157.546
101	 120.857
102	 116.755
103	 130.872
104	 151.664
105	 206.385
106	 95.5313
107	 169.323
108	 121.937
109	 159.797
110	 114.487
111	 159.102
112	 167.987
113	 163.388
114	 157.605
115	 177.984
116	 142.736
117	 132.534
118	 171.967
119	 233.464
120	 218.844
121	 207.161
122	 126.424
123	 119.359
124	 139.117
125	 128.138
126	 121.84
127	 128.586
128	 206.859
129	 152.208
130	 202.458
131	 149.743
132	 132.364
133	 170.131
134	 184.289
135	 200.377
136	 232.394
137	 111.463
138	 154.38
139	 111.082
140	 162.027
141	 149.715
142	 223.728
143	 120.657
144	 196.509
145	 134.47
146	 133.824
147	 118.247
148	 112.428
149	 170.455
150	 190.191
151	 181.205
152	 168.238
153	 123.468
154	 164.673
155	 187.014
156	 160.41
157	 138.04
158	 139.814
159	 152.425
160	 135.18
161	 155.899
162	 157.299
163	 198.348
164	 78.8333
165	 118.084
166	 130.861
167	 152.041
168	 126.405
169	 109.373
170	 160.094
171	 126.742
172	 139.724
173	 118.765
174	 156.414
175	 160.213
176	 147.894
177	 163.834
178	 99.0471
179	 135.74
180	 179.651
181	 173.71
182	 154.048
183	 139.107
184	 127.028
185	 136.742
186	 122.311
187	 198.339
188	 191.682
189	 110.808
190	 151.405
191	 132.596
192	 169.64
193	 161.699
194	 136.284
195	 138.476
196	 130.161
197	 101.967
198	 144.808
199	 113.178
200	 129.718
201	 174.984
202	 137.559
203	 99.2837
204	 180.357
205	 164.851
206	 104.475
207	 128.185
208	 123.663
209	 209.289
210	 112.602
211	 178.39
212	 131.607
213	 86.4374
214	 62.2713
215	 140.171
216	 189.659
217	 127.128
218	 132.212
219	 149.197
220	 197.079
221	 180.289
222	 104.611
223	 131.792
224	 154.855
225	 179.396
226	 163.668
227	 163.701
228	 167.079
229	 139.405
230	 145.216
231	 205.432
232	 116.761
233	 182.819
234	 126.023
235	 206.272
236	 114.976
237	 129.368
238	 135.595
239	 116.022
240	 160.833
241	 161.243
242	 167.425
243	 129.636
244	 144.211
245	 115.536
246	 126.677
247	 94.9772
248	 132.863
249	 116.045
250	 141.862
251	 151.825
252	 156.661
253	 186.056
254	 164.56
255	 113.741
256	 230.603
257	 143.053
258	 146.49
259	 113.615
260	 159.955
261	 147.691
262	 137.777
263	 119.133
264	 124.796
265	 106.535
266	 163.965
267	 131.698
268	 129.033
269	 108.238
270	 171.354
271	 189.053
272	 188.803
273	 123.271
274	 108.398
275	 126.402
276	 142.947
277	 138.494
278	 126.541
279	 140.116
280	 90.6002
281	 146.762
282	 161.541
283	 172.76
284	 141.523
285	 148.358
286	 148.735
287	 145.532
288	 143.847
289	 184.672
290	 143.615
291	 149.878
292	 148.695
293	 117.931
294	 137.973
295	 158.639
296	 128.76
297	 138.698
298	 186.822
299	 171.527
300	 160.734
301	 116.659
302	 128.531
303	 160.874
304	 112.878
305	 187.774
306	 126.568
307	 131.906
308	 150.892
309	 163.851
310	 159.534
311	 120.516
312	 165.258
313	 130.442
314	 121.809
315	 140.358
316	 139.11
317	 195.075
318	 136.689
319	 127.204
320	 145.622
321	 89.762
322	 162.607
323	 201.732
324	 157.521
325	 200.126
326	 130.355
327	 114.262
328	 143.337
329	 95.5624
330	 121.737
331	 189.831
332	 79.2212
333	 126.123
334	 145.913
335	 177.057
336	 166.912
337	 173.07
338	 183.158
339	 136.392
340	 94.9772
341	 135.78
342	 149.003
343	 104.235
344	 188.016
345	 158.311
346	 166.353
347	 157.4
348	 179.955
349	 132.038
350	 159.963
351	 122.23
352	 125.392
353	 197.42
354	 143.695
355	 155.581
356	 140.775
357	 126.557
358	 122.783
359	 142.934
360	 122.068
361	 164.215
362	 128.17
363	 126.692
364	 137.876
365	 165.998
366	 186.874
367	 140.914
368	 128.529
369	 140.938
370	 129.977
371	 131.35
372	 152.812
373	 196.225
374	 163.188
375	 129.024
376	 136.686
377	 154.153
378	 127.565
379	 150.07
380	 119.789
381	 144.755
382	 187.834
383	 121.986
384	 144.785
385	 239.778
386	 186.555
387	 170.079
388	 173.479
389	 122.252
390	 200.402
391	 133.587
392	 149.444
393	 136.68
394	 174.387
395	 195.683
396	 115.317
397	 161.315
398	 174.966
399	 148.161
400	 144.435
401	 137.23
402	 125.522
403	 178.946
404	 133.362
405	 156.958
406	 152.355
407	 176.388
408	 164.906
409	 133.383
410	 155.629
411	 147.604
412	 119.922
413	 111.428
414	 161.172
415	 139.368
416	 184.235
417	 163.983
418	 114.748
419	 149.537
420	 142.001
421	 86.2546
422	 140.333
423	 154.618
424	 161.212
425	 145.705
426	 166.879
427	 119.763
428	 159.219
429	 137.503
430	 137.923
431	 141.067
432	 123.606
433	 148.514
434	 128.146
435	 117.08
436	 122.649
437	 154.18
438	 142.588
439	 134.213
440	 138.171
441	 158.465
442	 146.126
443	 146.519
444	 119.914
445	 140.755
446	 131.191
447	 167.851
448	 115.053
449	 152.862
450	 130.165
451	 129.659
452	 141.639
453	 200.677
454	 162.046
455	 130.515
456	 145.087
457	 168.308
458	 164.381
459	 111.886
460	 113.67
461	 171.645
462	 107.456
463	 148.616
464	 138.943
465	 121.363
466	 139.94
467	 234.125
468	 151.459
469	 149.457
470	 121.954
471	 194.045
472	 177.36
473	 112.348
474	 154.07
475	 110.529
476	 143.564
477	 208.16
478	 121.76
479	 174.066
480	 67.429
481	 161.611
482	 123.282
483	 74.919
484	 103.151
485	 131.088
486	 174.122
487	 128.977
488	 125.12
489	 112.057
490	 96.4106
491	 110.771
492	 179.848
493	 212.013
494	 145.588
495	 153.103
496	 156.856
497	 189.496
498	 178.251
499	 166.822
500	 223.037
501	 168.305
502	 167.72
503	 140.268
504	 140.711
505	 139.805
506	 166.826
507	 102.15
508	 165.56
509	 136.839
510	 183.548
511	 158.113
512	 108.845
513	 142.655
514	 186.669
515	 186.62
516	 196.236
517	 166.443
518	 106.341
519	 122.48
520	 120.77
521	 157.117
522	 114.718
523	 156.503
524	 114.246
525	 143.714
526	 134.967
527	 84.9998
528	 186.102
529	 181.52
530	 141.512
531	 171.757
532	 153.369
533	 171.768
534	 126.338
535	 110.38
536	 202.541
537	 140.842
538	 140.818
539	 180.631
540	 176.327
541	 193.708
542	 132.572
543	 143.701
544	 162.884
545	 139.11
546	 233.94
547	 117.882
548	 133.5
549	 143.804
550	 120.666
551	 189.28
552	 168.615
553	 133.631
554	 128.527
555	 127.692
556	 67.8986
557	 120.788
558	 96.7733
559	 144.736
560	 173.528
561	 151.475
562	 145.27
563	 100.916
564	 131.792
565	 153.724
566	 137.742
567	 146.337
568	 238.659
569	 127.606
570	 235.087
571	 139.914
572	 147.752
573	 169.898
574	 118.477
575	 168.66
576	 120.779
577	 139.395
578	 233.528
579	 148.989
580	 160.632
581	 145.366
582	 104.549
583	 171.783
584	 147.584
585	 110.449
586	 114.122
587	 171.818
588	 161.163
589	 147.804
590	 167.191
591	 149.254
592	 231.5
593	 153.522
594	 114.377
595	 113.633
596	 218.64
597	 163.359
598	 139.002
599	 188.886
600	 197.398
601	 191.922
602	 167.288
603	 195.614
604	 139.404
605	 170.715
606	 159.498
607	 116.155
608	 133.966
609	 153.071
610	 141.968
611	 183.671
612	 133.508
613	 193.88
614	 140.717
615	 159.329
616	 123.907
617	 195.853
618	 147.839
619	 146.428
620	 135.332
621	 165.898
622	 116.366
623	 124.984
624	 144.772
625	 117.668
626	 203.954
627	 199.604
628	 129.107
629	 184.414
630	 139.891
631	 158.667
632	 126.861
633	 157.679
634	 165.071
635	 113.531
636	 172.361
637	 107.986
638	 168.043
639	 129.439
640	 165.933
641	 156.882
642	 158.621
643	 136.738
644	 148.686
645	 157.889
646	 115.637
647	 99.3405
648	 142.434
649	 97.6367
650	 138.998
651	 162.09
652	 211.429
653	 149.658
654	 202.634
655	 204.336
656	 103.456
657	 157.315
658	 156.235
659	 171.662
660	 155.35
661	 140.628
662	 153.778
663	 153.694
664	 174.569
665	 100.366
666	 246.154
667	 111.109
668	 55.5642
669	 200.13
670	 120.307
671	 128.736
672	 180.677
673	 181.114
674	 181.797
675	 117.947
676	 177.908
677	 130.397
678	 131.864
679	 94.8674
680	 160.907
681	 159.357
682	 123.858
683	 149.796
684	 159.564
685	 119.781
686	 147.529
687	 146.706
688	 137.264
689	 178.188
690	 124.803
691	 154.989
692	 150.694
693	 168.745
694	 165.946
695	 154.864
696	 173.858
697	 177.508
698	 142.02
699	 138.502
700	 126.916
701	 169.878
702	 95.4309
703	 108.362
704	 150.455
705	 140.029
706	 125.607
707	 119.67
708	 143.878
709	 143.692
710	 199.832
711	 153.401
712	 150.207
713	 132.123
714	 136.274
715	 193.438
716	 103.119
717	 111.223
718	 178.421
719	 161.026
720	 146.323
721	 116.895
722	 127.401
723	 156.156
724	 185.275
725	 192.571
726	 143.941
727	 228.104
728	 145.386
729	 119.709
730	 160.17
731	 101.544
732	 134.084
733	 128.038
734	 106.209
735	 175.967
736	 101.396
737	 121.015
738	 176.24
739	 210.891
740	 115.605
741	 173.849
742	 141.563
743	 123.144
744	 150.699
745	 139.426
746	 141.35
747	 126.387
748	 81.993
749	 147.592
750	 102.522
751	 166.816
752	 154.326
753	 125.777
754	 158.307
755	 103.623
756	 226.59
757	 118.721
758	 125.181
759	 194.228
760	 181.978
761	 125.13
762	 122.092
763	 159.275
764	 211.412
765	 161.469
766	 101.722
767	 151.024
768	 149.147
769	 163.297
770	 186.153
771	 106.937
772	 149.783
773	 140.948
774	 129.096
775	 114.547
776	 109.362
777	 166.489
778	 152.526
779	 121.788
780	 163.544
781	 153.847
782	 122.255
783	 156.285
784	 144.807
785	 109.291
786	 190.523
787	 142.783
788	 134.501
789	 129.711
790	 156.396
791	 137.349
792	 122.94
793	 152.752
794	 129.432
795	 162.219
796	 135.644
797	 119.985
798	 146.258
799	 128.836
800	 139.331
801	 103.591
802	 146.018
803	 123.997
804	 185.079
805	 150.191
806	 107.062
807	 222.721
808	 164.217
809	 135.283
810	 138.603
811	 198.025
812	 222.477
813	 137.52
814	 124.555
815	 137.394
816	 132.304
817	 146.525
818	 234.483
819	 134.889
820	 65.8446
821	 180.371
822	 130.512
823	 71.1695
824	 173.967
825	 149.086
826	 175.155
827	 168.028
828	 169.737
829	 123.262
830	 176.772
831	 103.231
832	 113.386
833	 155.082
834	 143.459
835	 138.966
836	 122.401
837	 132.44
838	 174.96
839	 171.543
840	 141.653
841	 163.839
842	 158.981
843	 144.449
844	 159.639
845	 124.867
846	 177.879
847	 144.988
848	 157.892
849	 139.963
850	 93.3802
851	 174.647
852	 163.476
853	 117.323
854	 164.712
855	 155.574
856	 126.28
857	 200.906
858	 135.367
859	 180.722
860	 175.359
861	 153.828
862	 222.558
863	 166.365
864	 142.981
865	 108.961
866	 133.405
867	 84.7396
868	 158.631
869	 149.787
870	 117.074
871	 119.726
872	 130.557
873	 149.029
874	 180.481
875	 115.822
876	 191.05
877	 138.011
878	 144.109
879	 179.544
880	 187.708
881	 105.736
882	 166.264
883	 176.647
884	 127.737
885	 133.842
886	 146.925
887	 137.378
888	 124.112
889	 192.357
890	 169.329
891	 180.255
892	 126.812
893	 123.844
894	 104.47
895	 130.971
896	 123.803
897	 177.026
898	 145.087
899	 148.48
900	 134.425
901	 131.592
902	 159.856
903	 179.469
904	 116.246
905	 173.381
906	 108.327
907	 105.436
908	 166.268
909	 134.301
910	 155.874
911	 120.812
912	 127.887
913	 142.68
914	 165.411
915	 159.891
916	 129.691
917	 166.241
918	 144.228
919	 159.494
920	 208.493
921	 137.622
922	 131.933
923	 162.115
924	 120.758
925	 130.901
926	 174.765
927	 130.651
928	 109.241
929	 212.193
930	 145.403
931	 151.311
932	 168.719
933	 150.382
934	 160.597
935	 113.845
936	 139.904
937	 137.49
938	 205.892
939	 164.368
940	 145.585
941	 150.982
942	 156.888
943	 150.149
944	 207.314
945	 121.997
946	 143.095
947	 181.04
948	 130.593
949	 132.6
950	 130.924
951	 142.829
952	 174.904
953	 228.542
954	 225.282
955	 124.142
956	 125.888
957	 201.364
958	 132.287
959	 102.775
960	 132.78
961	 141.67
962	 190.46
963	 142.579
964	 193.261
965	 127.544
966	 185.361
967	 114.368
968	 137.804
969	 116.964
970	 141.255
971	 204.401
972	 184.622
973	 152.456
974	 105.523
975	 134.439
976	 157.292
977	 161.755
978	 159.944
979	 219.626
980	 187.726
981	 165.177
982	 114.124
983	 137.967
984	 154.526
985	 114.65
986	 215.857
987	 156.307
988	 144.316
989	 114.856
990	 156.406
991	 110.644
992	 181.977
993	 138.277
994	 187.138
995	 191.7
996	 127.891
997	 130.854
998	 146.534
999	 83.583
1000	 134.008
1001	 160.916
1002	 165.914
1003	 168.915
1004	 111.46
1005	 181.477
1006	 147.515
1007	 200.498
1008	 122.751
1009	 125.907
1010	 147.157
1011	 127.426
1012	 147.386
1013	 111.889
1014	 96.2823
1015	 141.079
1016	 157.035
1017	 159.733
1018	 147.91
1019	 118.94
1020	 152.34
1021	 110.899
1022	 148.939
1023	 178.167
1024	 157.625
1025	 139.924
1026	 142.359
1027	 131.248
1028	 176.341
1029	 233.563
1030	 108.211
1031	 89.7973
1032	 163.075
1033	 152.423
1034	 155.458
1035	 129.943
1036	 167.623
1037	 109.398
1038	 129.086
1039	 129.766
1040	 132.208
1041	 100.597
1042	 147.245
1043	 131.252
1044	 205.019
1045	 125.129
1046	 169.699
1047	 212.18
1048	 140.256
1049	 112.713
1050	 127.112
1051	 142.329
1052	 177.132
1053	 95.3163
1054	 147.427
1055	 137.515
1056	 141.697
1057	 140.329
1058	 126.527
1059	 126.772
1060	 140.285
1061	 141.838
1062	 125.378
1063	 141.306
1064	 153.153
1065	 137.017
1066	 101.467
1067	 130.027
1068	 105.576
1069	 135.955
1070	 117.425
1071	 170.834
1072	 139.255
1073	 152.574
1074	 113.465
1075	 148.798
1076	 112.473
1077	 138.034
1078	 134.147
1079	 138.106
1080	 196.449
1081	 159.588
1082	 178.823
1083	 207.389
1084	 118.4
1085	 156.037
1086	 133.817
1087	 171.139
1088	 181.948
1089	 169.942
1090	 55.5469
1091	 197.41
1092	 220.455
1093	 135.093
1094	 143.676
1095	 137.488
1096	 164.629
1097	 135.19
1098	 199.124
1099	 122.661
1100	 233.388
1101	 189.363
1102	 149.9
1103	 137.351
1104	 118.4
1105	 137.355
1106	 153.979
1107	 146.196
1108	 149.39
1109	 162.54
1110	 189.926
1111	 113.05
1112	 193.619
1113	 131.313
1114	 154.562
1115	 169.972
1116	 147.349
1117	 138.512
1118	 193.58
1119	 170.668
1120	 141.222
1121	 146.351
1122	 137.327
1123	 134.999
1124	 137.096
1125	 187.058
1126	 131.265
1127	 166.925
1128	 148.835
1129	 147.492
1130	 137.254
1131	 180.34
1132	 161.565
1133	 132.746
1134	 137.26
1135	 152.092
1136	 162.746
1137	 115.534
1138	 179.561
1139	 125.612
1140	 125.601
1141	 141.319
1142	 120.816
1143	 99.2766
1144	 118.095
1145	 142.869
1146	 220.001
1147	 194.96
1148	 172.007
1149	 175.395
1150	 93.5928
1151	 184.481
1152	 163.348
1153	 139.044
1154	 131.8
1155	 174.185
1156	 137.581
1157	 157.612
1158	 139.724
1159	 166.026
1160	 168.894
1161	 106.68
1162	 79.9841
1163	 169.84
1164	 172.548
1165	 121.089
1166	 134.968
1167	 159.892
1168	 125.871
1169	 134.464
1170	 114.176
1171	 138.078
1172	 152.917
1173	 122.245
1174	 116.212
1175	 147.855
1176	 219.15
1177	 180.663
1178	 123.789
1179	 120.536
1180	 159.363
1181	 138.433
1182	 71.7672
1183	 169.151
1184	 137.447
1185	 222.846
1186	 154.166
1187	 156.435
1188	 150.513
1189	 138.914
1190	 196.649
1191	 115.84
1192	 137.798
1193	 165.447
1194	 135.094
1195	 123.754
1196	 238.566
1197	 123.449
1198	 147.844
1199	 140.578
1200	 163.309
1201	 116.792
1202	 145.941
1203	 119.137
1204	 107.652
1205	 139.217
1206	 125.864
1207	 147.805
1208	 203.09
1209	 196.118
1210	 151.332
1211	 111.871
1212	 140.009
1213	 123.698
1214	 198.925
1215	 94.0393
1216	 162.956
1217	 218.686
1218	 137.226
1219	 123.857
1220	 146.873
1221	 222.496
1222	 103.982
1223	 145.507
1224	 219.04
1225	 123.621
1226	 115.333
1227	 178.521
1228	 122.994
1229	 136.326
1230	 100.437
1231	 203.291
1232	 201.255
1233	 160.928
1234	 172.123
1235	 99.9806
1236	 187.839
1237	 156.678
1238	 136.935
1239	 133.829
1240	 174.07
1241	 137.081
1242	 125.487
1243	 209.892
1244	 173.409
1245	 161.92
1246	 172.568
1247	 139.84
1248	 136.16
1249	 135.948
1250	 179.518
1251	 85.9612
1252	 133.132
1253	 124.375
1254	 137.967
1255	 123.62
1256	 106.795
1257	 176.36
1258	 91.4272
1259	 132.272
1260	 146.352
1261	 172.604
1262	 121.29
1263	 136.428
1264	 100.176
1265	 139.028
1266	 167.073
1267	 181.897
1268	 145.801
1269	 152.008
1270	 149.489
1271	 133.373
1272	 138.308
1273	 122.883
1274	 162.709
1275	 88.2821
1276	 210.373
1277	 142.588
1278	 126.953
1279	 155.998
1280	 188.404
1281	 135.578
1282	 158.256
1283	 190.777
1284	 167.578
1285	 115.448
1286	 116.005
1287	 170.928
1288	 138.688
1289	 113.274
1290	 175.64
1291	 148.799
1292	 157.148
1293	 146.912
1294	 197.248
1295	 130.723
1296	 165.788
1297	 124.385
1298	 98.5938
1299	 182.128
1300	 137.942
1301	 129.666
1302	 142.744
1303	 192.46
1304	 113.187
1305	 112.88
1306	 169.374
1307	 186.379
1308	 145.048
1309	 158.506
1310	 193.374
1311	 128.61
1312	 158.101
1313	 106.789
1314	 132.678
1315	 148.59
1316	 169.905
1317	 183.966
1318	 193.006
1319	 136.585
1320	 166.029
1321	 138.872
1322	 141.001
1323	 168.112
1324	 176.837
1325	 145.204
1326	 169.911
1327	 186.404
1328	 150.703
1329	 160.552
1330	 198.992
1331	 203.461
1332	 153.549
1333	 149.217
1334	 224.633
1335	 108.203
1336	 120.379
1337	 115.636
1338	 132.081
1339	 135.126
1340	 156.361
1341	 131.947
1342	 154.488
1343	 136.469
1344	 103.253
1345	 120.829
1346	 160.62
1347	 115.76
1348	 170.093
1349	 135.431
1350	 154.66
1351	 146.483
1352	 144.382
1353	 147.634
1354	 200.194
1355	 141.444
1356	 162.548
1357	 129.113
1358	 99.099
1359	 174.973
1360	 126.644
1361	 116.937
1362	 113.007
1363	 117.131
1364	 137.381
1365	 185.774
1366	 108.598
1367	 147.67
1368	 127.79
1369	 163.032
1370	 108.318
1371	 141.454
1372	 182.836
1373	 142.127
1374	 125.406
1375	 133.315
1376	 177.323
1377	 133.636
1378	 139.983
1379	 142.548
1380	 152.625
1381	 142.484
1382	 152.473
1383	 202.367
1384	 153.785
1385	 122.312
1386	 104.878
1387	 166.707
1388	 147.003
1389	 155.892
1390	 191.131
1391	 154.143
1392	 147.913
1393	 127.808
1394	 177.426
1395	 156.117
1396	 143.243
1397	 144.39
1398	 211.369
1399	 155.504
1400	 201.968
1401	 164.932
1402	 199.792
1403	 153.799
1404	 149.277
1405	 131.666
1406	 127.681
1407	 117.087
1408	 196.848
1409	 175.061
1410	 168.424
1411	 128.505
1412	 136.434
1413	 130.376
1414	 170.941
1415	 136.811
1416	 152.065
1417	 142.913
1418	 168.9
1419	 103.556
1420	 134.957
1421	 187.797
1422	 126.147
1423	 201.41
1424	 92.2722
1425	 181.527
1426	 114.494
1427	 153.873
1428	 92.2591
1429	 134.174
1430	 143.312
1431	 134.933
1432	 152.585
1433	 154.541
1434	 137.951
1435	 153.685
1436	 117.827
1437	 149.314
1438	 136.867
1439	 144.552
1440	 141.817
1441	 152.723
1442	 219.439
1443	 127.883
1444	 160.923
1445	 124.207
1446	 145.285
1447	 136.459
1448	 175.987
1449	 150.475
1450	 147.758
1451	 151.604
1452	 157.368
1453	 140.938
1454	 237.451
1455	 133.852
1456	 155.886
1457	 120.717
1458	 131.316
1459	 162.189
1460	 137.549
1461	 171.746
1462	 108.331
1463	 150.12
1464	 132.688
1465	 143.714
1466	 88.3957
1467	 141.852
1468	 146.15
1469	 123.114
1470	 140.343
1471	 167.411
1472	 124.856
1473	 96.0379
1474	 158.226
1475	 141.989
1476	 140.735
1477	 143.452
1478	 175.955
1479	 137.669
1480	 148.857
1481	 122.987
1482	 93.1616
1483	 165.223
1484	 127.218
1485	 117.104
1486	 167.877
1487	 191.9
1488	 190.179
1489	 148.267
1490	 144.313
1491	 158.576
1492	 132.935
1493	 211.321
1494	 159.577
1495	 159.293
1496	 165.985
1497	 154.75
1498	 128.553
1499	 158.055
1500	 136.267
1501	 112.196
1502	 157.775
1503	 123.131
1504	 130.104
1505	 173.705
1506	 186.495
1507	 185.669
1508	 167.688
1509	 149.589
1510	 150.462
1511	 88.9278
1512	 140.816
1513	 107.251
1514	 141.951
1515	 143.357
1516	 145.375
1517	 153.034
1518	 132.348
1519	 137.203
1520	 111.55
1521	 144.017
1522	 125.3
1523	 150.927
1524	 138.404
1525	 159.267
1526	 164.756
1527	 108.904
1528	 163.266
1529	 151.783
1530	 103.925
1531	 167.366
1532	 135.744
1533	 124.456
1534	 179.559
1535	 158.72
1536	 144.77
1537	 131.991
1538	 120.22
1539	 146.409
1540	 144.094
1541	 171.474
1542	 222.263
1543	 110.663
1544	 223.49
1545	 152.942
1546	 140.328
1547	 139.763
1548	 160.543
1549	 162.721
1550	 160.304
1551	 203.413
1552	 191.873
1553	 205.269
1554	 121.272
1555	 199.604
1556	 178.999
1557	 166.44
1558	 132.007
1559	 117.418
1560	 178.408
1561	 192.53
1562	 180.667
1563	 139.494
1564	 94.5446
1565	 180.544
1566	 197.803
1567	 177.676
1568	 209.099
1569	 127.946
1570	 149.12
1571	 210.284
1572	 133.424
1573	 143.463
1574	 99.5262
1575	 167.284
1576	 130.094
1577	 128.365
1578	 140.899
1579	 219.037
1580	 153.671
1581	 184.831
1582	 130.416
1583	 147.867
1584	 173.683
1585	 133.032
1586	 110.357
1587	 186.359
1588	 202.74
1589	 151.62
1590	 203.757
1591	 186.817
1592	 111.219
1593	 161.91
1594	 119.376
1595	 102.591
1596	 128.74
1597	 116.333
1598	 145.943
1599	 131.102
1600	 207.49
1601	 149.082
1602	 110.451
1603	 151.321
1604	 186.691
1605	 47.9799
1606	 134.662
1607	 201.214
1608	 135.261
1609	 107.152
1610	 223.735
1611	 137.257
1612	 134.653
1613	 133.943
1614	 161.587
1615	 160.08
1616	 129.626
1617	 167.455
1618	 146.492
1619	 140.475
1620	 130.174
1621	 190.805
1622	 95.8075
1623	 175.358
1624	 166.579
1625	 147.721
1626	 142.689
1627	 107.164
1628	 140.311
1629	 160.332
1630	 141.848
1631	 136.922
1632	 141.718
1633	 138.12
1634	 130.886
1635	 73.0184
1636	 155.5
1637	 182.496
1638	 191.887
1639	 191.221
1640	 158.156
1641	 176.012
1642	 131.497
